0 0 0 0 0 0 9 0 0
0 0 3 0 0 0 0 4 0
0 0 1 0 7 0 0 0 0
------+-------+------
0 0 0 0 0 0 0 0 1
0 0 0 0 0 0 0 0 8
0 0 2 0 0 0 4 0 0
------+-------+------
0 0 0 3 0 0 0 0 0
0 2 0 7 0 0 0 0 0
0 0 0 0 0 0 2 0 0


      |       |
    6 |       |
      |       |   5
------+-------+------
      | 5 3   |     9
      |       |   1
  8   |   9   | 6 3
------+-------+------
      |       |
      |     9 |     8
    5 |       |     4
+-------------------+
| Sodoku is Solved. |
+-------------------+
(True, 661549, 3307734)





  5   |   2   |
      |     4 | 7
      |       | 3   4
------+-------+------
  3 4 |       |     7
8     |   4   |   6
      |       |
------+-------+------
      |     9 |   4
      | 1   6 |   5
  8   |       |   1
+----------------------------+
| This Sodoku is Unsolvable. |
+----------------------------+
(False, 1885933, 9429670)






7   5 |       |
9   1 |       |
      | 2     |
------+-------+------
      |     3 | 6 8 2
    8 |       | 5   4
    4 |   9   |
------+-------+------
    3 | 1     |
  2   |       | 9   1
1     |       |
+----------------------------+
| This Sodoku is Unsolvable. |
+----------------------------+
(False, 113327, 566640)




  5   |   2   |
      |     4 | 7
      |       | 3   4
------+-------+------
  3 4 |       |     7
8     |   4   |   6
      |       |
------+-------+------
      |     9 |   4
      | 1   6 |   5
  8   |       |   1
+----------------------------+
| This Sodoku is Unsolvable. |
+----------------------------+
(False, 1885933, 9429670)







4     |     5 |
      | 4     |
  6   |   3   |
------+-------+------
      | 1     | 3
    5 |   7   |
      |   2   |     9
------+-------+------
    7 |       |     1
    2 | 8     |     5
  9 3 |     1 | 2   8
+-------------------+
| Sodoku is Solved. |
+-------------------+
(True, 20104, 100530)
